# id	left	top	right	bottom	texture_id
[SPRITES]
#=====Green Koopa=======
#walk
30020	205	191	221	218	60
30021	222	192	238	218	60
#bump
30022	239	202	255	218	60
30023	256	202	272	218	60
30024	273	202	289	218	60
30025	290	202	306	218	60
#dead
30026	152	202	168	218	60
#exit shell
30027	32	65	48	81	70
#RED KOOPA
#walk
30030	205	163	221	190	60
30031	222	164	238	190	60
#bump
30032	239	174	255	190	60
30033	256	174	272	190	60
30034	273	174	289	190	60
30035	290	174	306	190	60
#dead
30036	152	202	168	218	60
#exit shell
30037	129	65	145	81	70
# ani_id	sprite1_id	time1	sprite2_id	time2	...
[ANIMATIONS]
#=====Green Koopa=======
#walk
710	30020	100	30021	100
#Hiding
711	30022	100
#Bump
712	30022	100	30023	100	30024	100	30025	100
#dead
713	30026	100
#exit shell
714	30027	100
#=====Red Koopa====
#walk
720	30030	100	30031	100
#hiding
721	30032	100
#bump
722	30032	100	30033	100	30034	100	30035	100
#DEAD 
723	30036	100
#exit shell
724	30037	100

# id	ani1	ani2	ani3
[ANIMATION_SETS]
#Green Koopa + Red Koopa
4	710	711	712	713	720	721	722	723	714	724