# id	left	top	right	bottom	texture_id
[SPRITES]

# SMALL MARIO
# idle small left
10000	1	16	17	32	0
# walk
10001	19	16	35	32	0
10002	55	16	71	32	0
#jump
10003	37	16	53	32	0
#run
10004	73	16	89	32	0
#long jump
10005	91	16	107	32	0
#brake
10006	109	16	125	32	0
#kick
10007	181	16	197	32	0
#hold shell idle
10008	145	16	161	32	0
#hold shell run
10009	181	16	179	32	0

# BIG MARIO	 
# idle	 
10020	1	88	17	120	0
#walk
10021	19	88	35	120	0
10022	37	88	53	120	0
#jump
10023	73	88	89	120	0
#run 
10024	91	88	115	120	0
10025	117	88	141	120	0
10026	143	88	167	120	0
#long jump
10027	169	88	193	120	0
#brake
10028	195	88	211	120	0
#kick
10029	303	88	327	120	0
#hold shell idle
10030	249	88	265	120	0
#hold shell run
10031	267	88	283	120	0
10032	285	88	301	120	0
#dodge
10033	55	96	71	120	0

#FIRE MARIO
#idle
10040	1	260	17	292	0
#walk
10041	19	260	35	292	0
10042	37	260	53	292	0
#jump
10043	73	260	89	292	0
#run
10044	91	260	115	292	0
10045	117	260	141	292	0
10046	143	260	167	292	0
#long jump
10047	169	260	193	292	0
#brake
10048	195	260	193	292	0
#kick
10049	303	260	327	292	0
#hold shell
10050	249	260	265	292	0
#hold shell run
10051	285	260	327	292	0
10052	303	260	327	292	0
#dodge 
10053	55	268	71	292	0

#RACCOON
#idle
10060	1	346	25	378	0
#walk
10061	27	346	51	378	0
10062	53	346	77	378	0
#jump
10063	105	346	129	378	0
#run
10064	183	346	207	378	0
10065	209	346	233	378	0
10066	235	346	259	378	0
#long jump
10067	261	346	285	378	0
#brake
10068	339	346	355	378	0
#kick
10069	79	380	103	412	0
#hold shell 
10070	1	380	25	412	0
#hold shell run 
10071	27	380	51	412	0
10072	53	380	77	412	0
#dodge
10073	79	354	103	378	0

# die 
10099	307	16	323	32	0


# ani_id	sprite1_id	time1	sprite2_id	time2	...
[ANIMATIONS]

# ==== MARIO =========
#idle small 
400	10000	100
#idle BIG 
401	10020	100
#idle fire
402	10040	100
#idle raccoon
403	10060	100
#walk small
404	10000	100	10001	100	10002	100
#walk  big
405	10020	100	10021	100	10022	100
#walk fire 
406	10040	100	10041	100	10042	100
#walk raccoon
407	10060	100	10061	100	10062	100
#jump small
408	10003	200
#jump big
409	10023	200
#jump fire
410	10043	200
#jump raccoon
411	10063	200
#run small
412	10000	10	10001	10	10002	10
#run big
413	10020	10	10021	10	10022	10
#run fire
414	10040	10	10041	10	10042	10
#run raccoon
415	10060	10	10061	10	10062	10
#run full small
416	10004	100
#run full big
417	10024	10	10025	10	10026	10
#run full fire
418	10044	10	10045	10	10046	10
#run full raccoon
419	10064	10	10065	10	10066	10
#long jump small
420	10005	100
#long jump big
421	10027	100
#long jump fire
422	10047	100
#long jump raccoon
423	10067	100
#brake small 
424	10006	100
#brake big
425	10028	100
#brake fire
426	10048	100
#brake raccoon
427	10068	100
#kick shell small
428	10007	100
#kick shell big
429	10029	100
#kick shell fire
430	10049	100
#kick shell raccoon
431	10069	100
#hold shell small
432	10008	100
#hold shell big 
433	10030	100
#hold shell fire
434	10050	100
#hold shell raccoon
435	10070	100
#hold shell run small
436	10008	100	10009	100
#hold shell run big 
437	10030	100	10031	100	10032	100
#hold shell run fire
438	10050	100	10051	100	10052	100
#hold shell run raccoon
439	10070	100	10071	100	10072	100
#dodge big
440	10033	100
#dodge fire
441	10053	100
#dodge raccoon
442	10073	100
#die
599	10099	100

#
# id	ani1	ani2	ani3
#
[ANIMATION_SETS]
# MARIO
1	400	401	402	403	404	405	406	407	408	409	410	411	412	413	414	415	416	417	418	419	420	421	422	423	424	425	426	427	428	429	430	431	432	433	434	435	436	437	438	439	440	441	442	599