# id	left	top	right	bottom	texture_id
[SPRITES]
# ===BLOCK====
#Pink
40001	919	137	935	153	40
40002	936	137	952	153	40
40003	953	137	969	153	40	
#BLUE
40004	970	137	986	153	40
40005	987	137	1003	153	40
40006	1004	137	1020	153	40
#GREEN
40007	919	188	935	204	40
40008	936	188	952	204	40
40009	953	188	969	204	40
#WHITE
40010	970	188	986	204	40
40011	987	188	1003	204	40
40012	1004	188	1020	204	40
#GROUND
40013	443	154	459	170	50
40014	460	154	466	170	50
40015	477	154	493	170	50
#Pipe
40020	0	16	32	32	30
40021	32	16	64	32	30	
#Cloud brick
40040	64	32	80	48	30	
#Wood  Brick
40041	1004	18	1020	34	40
#Brick
40042	1038	1	1054	17	40
40043	1055	1	1071	17	40
40044	1072	1	1088	17	40
40045	1089	1	1105	17	40
# ? Brick
40046	1140	1	1156	17	40
40047	1157	1	1173	17	40
40048	1174	1	1190	17	40
40049	1191	1	1207	17	40
#Invisible Brick
40000	350	200	366	216	10	

# ani_id	sprite1_id	time1	sprite2_id	time2	...
[ANIMATIONS]
# ===BLOCK====
#pink
810	40001	100
811	40002	100
812	40003	100
#blue
813	40004	100
814	40005	100
815	40006	100
#green
816	40007	100
817	40008	100
818	40009	100
#White
819	40010	100
820	40011	100
821	40012	100
#Ground
805	40013	100
806	40014	100
807	40015	100
#Pipe
830	40020	100
831	40021	100
# ===BRICK===
#Cloud
840	40040	100
#wood
841	40041	100
#Brick
842	40042	100	40043	100	40044	100	40045	100
#? Brick
843	40046	100	40047	100	40048	100	40049	100
#Invisible brick
899	40000	100

# id	ani1	ani2	ani3
[ANIMATION_SETS]
#Block
#pink
21	810
22	811
23	812		
#blue
24	813
25	814
26	815
#green
27	816
28	817
29	818
#white
30	819
31	820
32	821
#ground
15	805
16	806
17	807
#pipe
50	830
51	831
#Cloud brick
40	840
#wood brick
41	841
#Brick
42	842
#? Brick
43	843
#invisible brick
99	843